10 12
1 4 45
1 8 149
2 6 8
3 1 199
4 2 101
4 6 139
6 0 39
6 4 10
7 6 198
7 9 59
9 3 120
9 5 146
7 5

Shortest path cost: 205
7->9->5

10 14
0 9 52
1 8 71
2 1 136
3 0 125
3 5 140
4 7 46
5 0 32
6 2 185
7 3 162
7 4 99
7 9 94
8 6 82
9 1 55
9 5 64
4 6

Shortest path cost: 348
4->7->9->1->8->6

10 17
0 1 135
0 6 147
1 7 167
2 1 77
3 1 110
4 2 7
4 3 175
4 5 7
4 8 49
5 9 132
6 0 96
6 4 70
6 5 117
6 7 14
6 8 52
8 0 132
9 0 33
8 4

Shortest path cost: 349
8->0->6->4

10 13
1 7 95
2 1 77
3 2 42
3 8 4
4 5 73
4 6 145
4 9 11
5 3 24
7 2 184
7 4 89
8 7 34
9 0 83
9 1 57
7 5

Shortest path cost: 162
7->4->5

10 10
1 2 201
1 8 77
4 6 197
4 7 74
4 9 156
6 0 169
6 5 108
8 3 113
8 4 139
9 1 109
9 6

Shortest path cost: 522
9->1->8->4->6

10 14
1 0 82
1 3 136
1 9 177
2 1 129
3 2 186
3 4 183
3 5 24
6 3 146
7 3 78
7 6 123
8 5 73
9 0 32
9 7 155
9 8 4
6 1

Shortest path cost: 461
6->3->2->1

10 14
0 2 112
0 4 152
0 5 106
1 7 100
2 1 75
2 3 175
2 8 149
3 1 8
4 5 80
5 2 145
5 6 8
6 5 87
7 3 122
8 9 69
0 5

Shortest path cost: 106
0->5

10 17
0 1 197
0 6 140
2 6 17
2 7 53
3 2 186
4 0 83
4 6 174
4 7 75
5 3 8
5 4 79
6 0 201
6 8 21
7 1 66
7 5 192
8 7 122
9 2 9
9 6 104
9 1

Shortest path cost: 128
9->2->7->1

10 13
0 2 194
1 6 154
2 0 64
2 5 83
2 6 107
2 8 140
4 9 54
7 1 23
7 2 59
8 1 169
8 2 78
8 3 88
9 7 37
4 6

Shortest path cost: 257
4->9->7->2->6

10 17
0 7 77
0 8 100
0 9 68
1 4 105
2 8 50
3 1 86
3 5 62
4 1 67
4 2 140
4 6 111
5 2 116
5 3 18
6 5 85
7 2 125
8 0 7
9 1 62
9 5 95
9 8

Shortest path cost: 261
9->5->2->8

10 14
0 2 168
0 5 126
3 1 31
3 7 180
4 6 187
4 8 75
4 9 91
5 3 158
5 4 92
5 6 90
5 7 56
6 1 181
6 8 176
9 0 184
9 3

Shortest path cost: 468
9->0->5->3

10 17
0 1 147
0 7 78
1 4 184
2 0 113
2 3 51
3 5 96
3 7 116
4 0 151
4 1 125
4 2 87
5 3 151
5 8 87
6 1 163
6 8 82
7 3 148
7 6 58
9 3 175
9 3

Shortest path cost: 175
9->3

10 11
1 3 48
1 4 155
3 9 165
4 3 123
4 7 147
5 0 5
5 2 56
7 6 153
8 0 161
8 1 50
9 5 186
8 6

Shortest path cost: 505
8->1->4->7->6

10 16
2 0 112
2 8 38
3 5 40
3 6 143
4 9 58
5 4 151
5 6 12
5 7 42
6 1 146
6 3 129
7 1 81
7 2 159
7 3 42
8 4 82
8 5 184
9 0 13
7 2

Shortest path cost: 159
7->2

10 15
0 3 119
1 4 142
2 0 42
3 6 174
3 7 174
3 8 146
4 0 67
4 3 110
4 5 144
6 1 84
6 9 32
7 5 86
8 2 181
8 9 55
9 5 19
4 7

Shortest path cost: 284
4->3->7

